00011000
00100100
01000010
01111110
01000010
01000010
01000010
00000000
// B
01111100
01000010
01000010
01111100
01000010
01000010
01111100
00000000
// C
00111100
01000010
01000000
01000000
01000000
01000010
00111100
00000000
// D
01111000
01000100
01000010
01000010
01000010
01000100
01111000
00000000
// E
01111110
01000000
01000000
01111100
01000000
01000000
01111110
00000000
// F
01111110
01000000
01000000
01111100
01000000
01000000
01000000
00000000
// G
00111100
01000010
01000000
01001110
01000010
01000010
00111100
00000000
// H
01000010
01000010
01000010
01111110
01000010
01000010
01000010
00000000
// I
00111000
00010000
00010000
00010000
00010000
00010000
00111000
00000000
// J
00001110
00000100
00000100
00000100
01000100
01000100
00111000
00000000
// K
01000010
01000100
01001000
01110000
01001000
01000100
01000010
00000000
// L
01000000
01000000
01000000
01000000
01000000
01000000
01111110
00000000
// M
01000001
01100011
01010101
01001001
01000001
01000001
01000001
00000000
// N
01000010
01100010
01010010
01001010
01000110
01000010
01000010
00000000
// O
00111100
01000010
01000010
01000010
01000010
01000010
00111100
00000000
// P
01111100
01000010
01000010
01111100
01000000
01000000
01000000
00000000
// Q
00111100
01000010
01000010
01000010
01001010
01000110
00111010
00000000
// R
01111100
01000010
01000010
01111100
01001000
01000100
01000010
00000000
// S
00111100
01000010
01000000
00111100
00000010
01000010
00111100
00000000
// T
01111100
00010000
00010000
00010000
00010000
00010000
00010000
00000000
// U
01000010
01000010
01000010
01000010
01000010
01000010
00111100
00000000
// V
01000010
01000010
01000010
01000010
01000010
00100100
00011000
00000000
// W
01000001
01000001
01000001
01000001
01000001
01010101
00111010
00000000
// X
01000010
01000010
00100100
00011000
00100100
01000010
01000010
00000000
// Y
01000010
01000010
01000010
00111100
00010000
00010000
00010000
00000000
// Z
01111110
00000010
00000100
00001000
00010000
00100000
01111110
00000000
// 0
00111100
01000010
01000110
01001010
01010010
01100010
00111100
00000000
// 1
00010000
00110000
00010000
00010000
00010000
00010000
00111000
00000000
// 2
00111100
01000010
00000010
00001100
00110000
01000000
01111110
00000000
// 3
00111100
01000010
00000010
00011100
00000010
01000010
00111100
00000000
// 4
00000100
00001100
00010100
00100100
01000100
01111110
00000100
00000000
// 5
01111110
01000000
01111100
00000010
00000010
01000010
00111100
00000000
// 6
00111100
01000000
01111100
01000010
01000010
01000010
00111100
00000000
// 7
01111110
00000010
00000100
00001000
00010000
00100000
00100000
00000000
// 8
00111100
01000010
01000010
00111100
01000010
01000010
00111100
00000000
// 9
00111100
01000010
01000010
00111110
00000010
00000100
00111000
00000000
